((("frequency$counts" .
   [1 0 0 0 0 0 0 0 0 0 0 0 0 0 0 0])
  ("frequency$frequency" .
   [0 0 0 0 0 0 0 0 0 0 0 0 0 1 0 0 0 0 0])
  ("c" .
   [1])
  ("source" .
   [1 0 0 0 0 0])
  ("encoding" .
   [0 0 0 0 0 0 0 1])
  ("codecs" .
   [0 0 0 0 0 1])
  ("readline" .
   [1 0 0 0 0 0 0 0])
  ("codes" .
   [1 0 0 0 0])
  ("encode" .
   [1 0 0 0 0 3])
  ("list_from" .
   [6 0 0 0 0 0 0 0 0])
  ("write" .
   [6 0 0 0 0])
  ("print" .
   [3 0 0 0 0])
  ("list" .
   [8 0 0 0])
  ("line" .
   [5 0 0 0])
  ("in" .
   [3 0])
  ("for" .
   [3 0 0])
  ("close" .
   [1 0 0 0 0])
  ("file_from" .
   [2 0 0 0 0 0 1 0 0])
  ("try" .
   [1 0 0])
  ("as" .
   [2 0])
  ("open" .
   [3 0 0 0])
  ("with" .
   [2 0 0 0])
  ("with_statement" .
   [0 0 0 0 1 0 0 0 0 0 0 0 0 0])
  ("from" .
   [2 0 0 0])
  ("pick" .
   [1 0 0 0])
  ("pickle" .
   [2 0 0 0 0 0])
  ("import" .
   [6 0 0 0 0 0])
  ("os" .
   [1 0])
  ("path" .
   [1 0 0 0])
  ("require" .
   [1 0 0 0 0 0 0])
  ("help" .
   [1 0 0 0])
  ("quit" .
   [1 0 0 0])
  ("el" .
   [0 2])
  ("nil" .
   [2 0 0])
  ("str" .
   [1 0 0])
  ("list_to" .
   [3 0 0 0 0 0 0])
  ("join" .
   [1 0 0 0])
  ("xesam-search" .
   [0 0 0 0 1 0 0 0 0 0 0 0])))
